0.7365467337846257 -0.2607602528032729 1
0.17992336744472684 0.2094931662105194 1
0.9570147644235203 -0.4373094281694583 1
0.7503955200165667 0.8565550140614828 -1
0.174487035891413 -0.03737591379764113 1
-0.8041460769876833 0.6908690039724273 -1
0.6547261310507194 0.7414760509439446 -1
0.17851501694950545 0.9645167079626004 -1
0.8026477624963279 0.531461129149526 -1
1.73225430332443 0.13910148001217104 1
-1.0023635675981037 -0.09664439919283578 -1
-0.2514625095209051 1.0219060081452132 -1
0.08383091456288705 0.8447771824744501 -1
-0.8916462042645121 0.44228215081564437 -1
-0.8130029308170598 0.43227560399588993 -1
-0.9334237769271619 0.4630618948812487 -1
0.5179900678664411 0.8692890294796678 -1
0.40167070426215346 0.9792927017558479 -1
1.6995448164916194 -0.11688102969422699 1
-0.4795962267345655 0.7956941687224411 -1
-0.35868003253094427 0.8021036165990189 -1
0.14781065005983063 -0.17155336230616544 1
0.5167362800480721 1.1236434577961445 -1
-1.0362020193889825 0.16310386499121832 -1
0.00950008547344261 1.0004006061869968 -1
0.9608946264313682 0.32633790472907487 -1
-0.04042853766277139 1.2277996744360462 -1
0.42651577447187883 0.6778659205833432 -1
-0.6665745395610633 0.6008933337140426 -1
1.7358051458476393 -0.2311043119640826 1
0.16740880131123378 -0.10363293262815805 1
1.9334563039816557 0.5637598402341039 1
1.034254455097794 -0.5889241312135354 1
1.1770177390452476 -0.4764022041037665 1
0.5950693089775921 0.5932535902193014 -1
0.1416476599366491 0.7440558269084769 -1
1.8292887707696335 -0.005333552390751454 1
2.042452117336171 0.4109979279165766 1
-0.8422768984947345 0.5196562247126607 -1
0.6497596165026845 -0.3998654697021167 1
1.613389445741799 -0.2725196613266618 1
1.65534121758339 -0.3198890726811531 1
-0.5423432726682 0.9301650193780946 -1
0.2893484930185519 1.0792981997157745 -1
0.1540937023785908 -0.22061851565800827 1
-0.9648942763416759 0.280045819958059 -1
-0.6681562622894098 0.777364124010936 -1
-0.04229513222166784 0.2566002124264583 1
1.447631921069025 -0.4619213305682263 1
1.0032844909256184 -0.41961175004757034 1
0.8923634158567908 -0.04715152356071529 -1
-0.5099087965944668 0.8415156397023451 -1
2.0063529385572725 0.2572149601186227 1
0.15338573550745624 1.1528196867509335 -1
0.9334448392288821 -0.2555090191785203 1
0.3906283981644484 -0.26850157803274444 1
1.2378838634713178 -0.6102594684420508 1
1.3272675480236047 -0.43164017818900086 1
0.915736114806422 0.20940846484320608 -1
1.9076140497619636 0.16718147061723043 1
0.0032403342467122558 0.16110788821137267 1
0.7345504604371154 -0.3093495796074586 1
1.5928966854949755 -0.38157134407650933 1
0.11593919496949556 0.8715798610971781 -1
0.32976180615711514 -0.28477316558402466 1
0.9849285494385673 0.21196503690247964 -1
-0.7543320628504946 0.8150562476612099 -1
1.2747206678308352 -0.5615248180661291 1
2.0391890079522654 0.4262328353881015 1
0.9978197266264022 0.3772485255731293 -1
0.8221464968461512 0.598814410427911 -1
0.4154758007681154 -0.31401288402831384 1
-0.7229705476604131 0.5157355034426032 -1
-0.026488511948282195 0.17312472862988293 1
0.30510523753996144 0.02707732251855166 1
1.8880990601812004 0.20408074654931035 1
-0.1330586863671539 0.4336628639543496 1
0.7019218895570243 0.5581432872763189 -1
1.5435708859927593 -0.40584843668724035 1
0.9301205198977602 0.4364811771055651 -1
0.07189135794884886 0.27460122872088844 1
1.490051377129189 -0.33452858181205136 1
-0.029212962075231053 1.023233950440106 -1
-0.5654460354269487 0.7841045084338975 -1
1.1075522981645871 0.1641633133922527 -1
-1.234078028689514 0.14376151116070962 -1
1.8159618239152344 -0.10743908480861342 1
0.7994050661669286 -0.5238741338967797 1
-0.39842257003198656 0.8142386963416222 -1
1.03613405710559 -0.01543842026295468 -1
0.26532683616889624 0.13566112388584786 1
-1.143906839493549 0.07524298354755804 -1
0.8924054247709925 -0.4518721709985969 1
0.7801337040237664 0.6003219044783167 -1
1.3449899775781133 -0.5346185644741646 1
1.6675069733215708 -0.35141288805724735 1
0.3578847567980138 -0.34681357270202307 1
0.10203094169190681 0.2762217191132957 1
-0.5780610265628785 0.7047197731463095 -1
2.0490113571423585 0.29510524224089363 1
